   IN   UP   DW  WPC  CLR   SP   PC
 0000    0    0    0    1    0 0000
 0000    0    0    0    0    0 0000
 0000    0    0    0    0    0 0001
 0022    0    0    1    0    0 0002
 0000    0    0    0    0    0 0022
 0000    0    0    0    0    0 0023
 0061    1    0    1    0    0 0024
 0000    0    0    0    0    1 0061
 0000    0    0    0    0    1 0062
 0064    1    0    1    0    1 0063
 0000    0    0    0    0    2 0064
 0000    0    0    0    0    2 0065
 0000    0    0    0    0    2 0066
 0000    0    1    0    0    2 0067
 0000    0    0    0    0    1 0064
 0000    0    0    0    0    1 0065
 0000    0    1    0    0    1 0066
 012C    0    0    1    0    0 0025
 0379    1    0    1    0    0 012C
 0000    0    0    0    0    1 0379
 0000    0    0    0    0    1 037A
 0000    0    0    0    0    1 037B
 0000    0    1    0    0    1 037C
 0000    0    1    0    0    0 012D