49879537927	49879537931	49879537937	49879537963	49879537969	49879537993	49879537997	49879538057	49879538077	49879538083
49879538089	49879538101	49879538147	49879538209	49879538213	49879538227	49879538243	49879538251	49879538311	49879538333
49879538351	49879538353	49879538431	49879538479	49879538497	49879538521	49879538617	49879538627	49879538629	49879538641
49879538699	49879538729	49879538771	49879538773	49879538803	49879538809	49879538887	49879538893	49879538897	49879538927
49879539001	49879539037	49879539041	49879539067	49879539091	49879539113	49879539131	49879539133	49879539167	49879539211
49879539223	49879539251	49879539293	49879539313	49879539349	49879539403	49879539443	49879539449	49879539557	49879539569
49879539601	49879539607	49879539653	49879539691	49879539739	49879539821	49879539833	49879539839	49879539851	49879539907
49879539947	49879539949	49879539961	49879539977	49879539991	49879540001	49879540021	49879540033	49879540091	49879540099
49879540121	49879540159	49879540163	49879540169	49879540177	49879540279	49879540289	49879540307	49879540357	49879540367
49879540369	49879540391	49879540393	49879540427	49879540453	49879540463	49879540471	49879540483	49879540511	49879540517
49879540541	49879540549	49879540559	49879540561	49879540573	49879540577	49879540589	49879540619	49879540621	49879540649
49879540651	49879540657	49879540691	49879540751	49879540769	49879540771	49879540793	49879540807	49879540817	49879540819
49879540877	49879540927	49879540933	49879540979	49879540993	49879541027	49879541053	49879541059	49879541071	49879541099
49879541177	49879541183	49879541189	49879541213	49879541281	49879541287	49879541293	49879541303	49879541311	49879541329
49879541333	49879541347	49879541357	49879541377	49879541429	49879541443	49879541447	49879541471	49879541489	49879541567
49879541573	49879541587	49879541599	49879541617	49879541633	49879541641	49879541669	49879541683	49879541717	49879541743
49879541801	49879541819	49879541851	49879541897	49879541923	49879541963	49879541983	49879541989	49879542049	49879542067
49879542079	49879542109	49879542149	49879542151	49879542187	49879542191	49879542203	49879542259	49879542277	49879542281
49879542299	49879542353	49879542379	49879542403	49879542443	49879542473	49879542521	49879542551	49879542571	49879542607
49879542637	49879542667	49879542673	49879542689	49879542697	49879542731	49879542763	49879542793	49879542847	49879542859
49879542893	49879542899	49879542907	49879542913	49879542983	49879543001	49879543037	49879543081	49879543093	49879543099
49879543111	49879543117	49879543139	49879543177	49879543183	49879543187	49879543201	49879543237	49879543253	49879543303
49879543319	49879543321	49879543349	49879543387	49879543391	49879543397	49879543403	49879543421	49879543429	49879543499
49879543529	49879543537	49879543559	49879543577	49879543579	49879543619	49879543639	49879543663	49879543669	49879543673
49879543711	49879543723	49879543741	49879543817	49879543867	49879543871	49879543891	49879543919	49879543927	49879543933
49879543949	49879544003	49879544009	49879544027	49879544131	49879544137	49879544147	49879544153	49879544189	49879544191
49879544257	49879544269	49879544327	49879544359	49879544371	49879544383	49879544417	49879544431	49879544509	49879544581
49879544621	49879544641	49879544651	49879544677	49879544699	49879544713	49879544717	49879544731	49879544789	49879544861
49879544863	49879544893	49879544921	49879544927	49879544969	49879544983	49879544989	49879545031	49879545041	49879545049
49879545061	49879545091	49879545119	49879545139	49879545151	49879545169	49879545173	49879545179	49879545227	49879545299
49879545329	49879545343	49879545347	49879545379	49879545407	49879545421	49879545431	49879545433	49879545437	49879545449
49879545497	49879545509	49879545517	49879545559	49879545563	49879545571	49879545641	49879545643	49879545671	49879545679
49879545697	49879545707	49879545713	49879545719	49879545733	49879545761	49879545787	49879545803	49879545809	49879545847
49879545857	49879545887	49879545901	49879545913	49879545979	49879546001	49879546019	49879546103	49879546141	49879546153
49879546231	49879546253	49879546267	49879546279	49879546289	49879546331	49879546333	49879546357	49879546373	49879546403
49879546427	49879546429	49879546447	49879546477	49879546517	49879546579	49879546583	49879546649	49879546679	49879546687
49879546721	49879546723	49879546733	49879546831	49879546841	49879546861	49879546897	49879546903	49879546943	49879546963
49879547021	49879547027	49879547063	49879547083	49879547101	49879547111	49879547171	49879547231	49879547273	49879547279
49879547309	49879547329	49879547353	49879547369	49879547381	49879547447	49879547477	49879547521	49879547537	49879547579
49879547587	49879547611	49879547617	49879547623	49879547639	49879547657	49879547681	49879547719	49879547723	49879547743
49879547749	49879547759	49879547797	49879547807	49879547827	49879547831	49879547881	49879547891	49879547903	49879547909
49879547923	49879547933	49879547959	49879547999	49879548029	49879548031	49879548053	49879548067	49879548073	49879548109
49879548127	49879548133	49879548179	49879548181	49879548211	49879548221	49879548283	49879548287	49879548401	49879548413
49879548443	49879548449	49879548469	49879548487	49879548493	49879548517	49879548553	49879548571	49879548599	49879548623
49879548643	49879548727	49879548827	49879548869	49879548871	49879548911	49879548931	49879548941	49879548959	49879548977
49879548997	49879549001	49879549009	49879549043	49879549061	49879549067	49879549087	49879549099	49879549123	49879549163
49879549171	49879549207	49879549267	49879549271	49879549297	49879549301	49879549309	49879549319	49879549331	49879549393
49879549399	49879549469	49879549501	49879549571	49879549589	49879549591	49879549609	49879549631	49879549649	49879549729
49879549739	49879549777	49879549787	49879549843	49879549859	49879549931	49879549933	49879549943	49879549991	49879549997
49879550051	49879550089	49879550143	49879550207	49879550243	49879550257	49879550299	49879550309	49879550321	49879550341
49879550381	49879550411	49879550453	49879550459	49879550477	49879550527	49879550533	49879550561	49879550593	49879550639
49879550659	49879550663	49879550681	49879550719	49879550753	49879550759	49879550807	49879550837	49879550843	49879550857
49879550879	49879550923	49879550953	49879550971	49879550983	49879551011	49879551017	49879551023	49879551053	49879551067
49879551083	49879551121	49879551143	49879551157	49879551251	49879551259	49879551299	49879551307	49879551313	49879551331
49879551353	49879551361	49879551389	49879551409	49879551481	49879551497	49879551503	49879551529	49879551629	49879551649
49879551677	49879551713	49879551731	49879551823	49879551881	49879551929	49879551937	49879551949	49879551973	49879552003
49879552007	49879552027	49879552031	49879552043	49879552057	49879552061	49879552147	49879552181	49879552187	49879552189
49879552199	49879552207	49879552213	49879552279	49879552313	49879552361	49879552363	49879552367	49879552421	49879552433
49879552507	49879552517	49879552529	49879552553	49879552561	49879552621	49879552631	49879552643	49879552651	49879552693
49879552739	49879552783	49879552829	49879552841	49879552883	49879552897	49879552979	49879552997	49879553041	49879553099
