       A COD19..15..11..7..4 3..0
 0000 0000100000000000000000000
 0001 0000100010000000000000001
 0002 0000100100000000000000000
 0003 0000100110000000000001100
 0004 0000001000000000100000000
 0005 0001101000000000001001000
 0006 0010100000001000000000000
 0007 0011000010100000000000000
 0008 0010100100010000000000001
 0009 0111000110010000000000100
 0004 0000001000000000100000000
 0005 0001101000000000001001000
 0006 0010100000001000000000000
 0007 0011000010100000000000000
 0008 0010100100010000000000001
 0009 0111000110010000000000100
 0004 0000001000000000100000000
 0005 0001101000000000001001000
 0006 0010100000001000000000000
 0007 0011000010100000000000000
 0008 0010100100010000000000001
 0009 0111000110010000000000100
 0004 0000001000000000100000000
 0005 0001101000000000001001000
 0006 0010100000001000000000000
 0007 0011000010100000000000000
 0008 0010100100010000000000001
 0009 0111000110010000000000100
 0004 0000001000000000100000000
 0005 0001101000000000001001000
 0006 0010100000001000000000000
 0007 0011000010100000000000000
 0008 0010100100010000000000001
 0009 0111000110010000000000100
 0004 0000001000000000100000000
 0005 0001101000000000001001000
 0006 0010100000001000000000000
 0007 0011000010100000000000000
 0008 0010100100010000000000001
 0009 0111000110010000000000100
 0004 0000001000000000100000000
 0005 0001101000000000001001000
 0006 0010100000001000000000000
 0007 0011000010100000000000000
 0008 0010100100010000000000001
 0009 0111000110010000000000100
 0004 0000001000000000100000000
 0005 0001101000000000001001000
 0006 0010100000001000000000000
 0007 0011000010100000000000000
 0008 0010100100010000000000001
 0009 0111000110010000000000100
 0004 0000001000000000100000000
 0005 0001101000000000001001000
 0006 0010100000001000000000000
 0007 0011000010100000000000000
 0008 0010100100010000000000001
 0009 0111000110010000000000100
 0004 0000001000000000100000000
 0005 0001101000000000001001000
 0006 0010100000001000000000000
 0007 0011000010100000000000000
 0008 0010100100010000000000001
 0009 0111000110010000000000100
 0004 0000001000000000100000000
 0005 0001101000000000001001000
 0006 0010100000001000000000000
 0007 0011000010100000000000000
 0008 0010100100010000000000001
 0009 0111000110010000000000100
 0004 0000001000000000100000000
 0005 0001101000000000001001000
 0006 0010100000001000000000000
 0007 0011000010100000000000000
 0008 0010100100010000000000001
 0009 0111000110010000000000100
 000A 1011000000000000000000000
 000B 1001100000000000000001010
 000A 1011000000000000000000000
 000B 1001100000000000000001010
 000A 1011000000000000000000000
 000B 1001100000000000000001010

